test: 1433.155029,2607.376220,10.395338,88.001106 ;
deliverystart: 2192.037597,2497.127685,10.526952,358.525238 ;
deliverystart: 2162.956787,1395.116577,10.526953,0.044235 ;
deliverygoal: 1607.300048,1825.640747,10.528098,268.915039 ;
deliverygoal: 1633.947875,982.714355,10.526953,177.291000 ;
deliverystart: 1645.460083,685.602661,10.526963,0.347750 ;
deliveryfinish: 2774.478027,-2456.118652,13.636914,276.010375 ;
deliverystart: 2468.630371,1935.447998,9.417019,354.759033 ;
deliverygoal: 2627.748779,2048.709472,10.376397,157.460525 ;
deliverygoal: 2000.880004,1539.218139,13.585937,178.965988 ;
